$ANSIBLE_VAULT;1.1;AES256
38353566306538303831373935633934326536336463366631646138656639353031383130353337
3061656432653430373430353964343334313561306262340a346139656239333765346566343139
30313463396561626638653361633530613662616261373262376437656338323338333039323136
6636613164323164330a663035363661306261633562653130316564356164653033343735653338
63323533626466373537306533366366656130393464386133613366363933643461623263646361
37356239616334313137346338393361633138313436643534653662663763333563353864316261
64376166613463393637616634336664396436663363333132323566653136373632353030336138
35306139623730313835303732613066326139323333383362663339336665613239323534643533
30333333353139316437313837353031356130623637613730373634633331346338613932336431
31376265373635353838616264383931396463376131663534336366333632326663633366643566
32323733636564616336306466623731353766313763663263663966663662353666316232393935
33653030383662356266346238623364313966633736326463663934633032646634323761393836
39636665666432333563333734383033363730373732303232663134383662373037366662646234
61393735393839653163353333373939636636383061643737323730353966623161383463303834
64636136653463663632313063656162363164323562663132663130303730373136383863656539
62356332336136346432643864336135346534666465386637393835303762373633373437323439
34306566396461336331663133316664363239363364633535353262616335623632613738656134
35383662613566343532306530333938356533353739366534343730396163373862663631623936
36383130383163366165366465356134393964636536316264373532653431373262376433366362
33386338373863313332663336303264653464356638363034356435316534623133343463383830
31306437616236373435626266363564376534303030333038343635313963303338396538633839
33356563303761346236333766656336313736656330363938376239613637333961383335306335
30393537323330333666663362396633326463393734356230363238623465316239653062383235
63393464393238393361663063633434386233386232663866373965393362373261346166633566
6334
