$ANSIBLE_VAULT;1.1;AES256
39666330383432356435623935633564643165343263623630623135363834616133303932656638
6432613435313735393530663333313736376632666566660a393063636334373065653134646165
34356564363966323535633131313163393563636161616134636565366132343238626537633239
3238633564646530380a333136313365336137396263623264303865663839383138383630376233
38623236303164386265626634653233353436303739373134383639656534396236353462613033
37623237663530343638303433323565386435326338363363376261656336383964643866323735
64356237656235613564666631313562323637636663646533636561646663356536646333363539
65653136633235396533643433393364373837626437633638653131303135373963623461626539
39356464636265383637363236366136613362326431386234363466643065656462363832383037
62656236396434306432386333363735616239333436653832346162643764333761366261656435
33313561333039633163313234623462386234303731363964343139356365346534666330636236
61333130303738656431633637623163633832323936323236646430363666613865373866346165
32353738323739393265396263333330616264623665646664336531346632386539616563333937
38373737613332386634353738346638626665333936643263643536353263666235323630356265
66326339383834623562303466373831343738373563336533303234346336333832383331333538
62616137313335373938623937663065303665666337353466353631613263616363663432306534
36663131373932633232663235383836353735313863376663333264656664646439613961393864
33363138663536343835383966353161323837313364366464303430336137356661373232636462
36326661303562653166386464663164376366626632336435323631363732313264373238363665
62366131633330363338303735386163353564323935656337653730383536383563626531366238
64663961306662376562396366303833356266306566626561303138656161626536623664373730
33616364666333393361373535363839613535663836663233663164393536393462353335353633
31343263313233616530663030323961643864373632346134353539343638323064333735346463
31363833373830313238636137313031373862353135376635393465393866633331656435646164
3639
